                   2021

      January               February
Su Mo Tu We Th Fr Sa  Su Mo Tu We Th Fr Sa
                1  2      1  2  3  4  5  6
 3  4  5  6  7  8  9   7  8  9 10 11 12 13
10 11 12 13 14 15 16  14 15 16 17 18 19 20
17 18 19 20 21 22 23  21 22 23 24 25 26 27
24 25 26 27 28 29 30  28
31

       March                 April
Su Mo Tu We Th Fr Sa  Su Mo Tu We Th Fr Sa
    1  2  3  4  5  6               1  2  3
 7  8  9 10 11 12 13   4  5  6  7  8  9 10
14 15 16 17 18 19 20  11 12 13 14 15 16 17
21 22 23 24 25 26 27  18 19 20 21 22 23 24
28 29 30 31           25 26 27 28 29 30

        May                   June
Su Mo Tu We Th Fr Sa  Su Mo Tu We Th Fr Sa
                   1         1  2  3  4  5
 2  3  4  5  6  7  8   6  7  8  9 10 11 12
 9 10 11 12 13 14 15  13 14 15 16 17 18 19
16 17 18 19 20 21 22  20 21 22 23 24 25 26
23 24 25 26 27 28 29  27 28 29 30
30 31

        July                 August
Su Mo Tu We Th Fr Sa  Su Mo Tu We Th Fr Sa
             1  2  3   1  2  3  4  5  6  7
 4  5  6  7  8  9 10   8  9 10 11 12 13 14
11 12 13 14 15 16 17  15 16 17 18 19 20 21
18 19 20 21 22 23 24  22 23 24 25 26 27 28
25 26 27 28 29 30 31  29 30 31

     September              October
Su Mo Tu We Th Fr Sa  Su Mo Tu We Th Fr Sa
          1  2  3  4                  1  2
 5  6  7  8  9 10 11   3  4  5  6  7  8  9
12 13 14 15 16 17 18  10 11 12 13 14 15 16
19 20 21 22 23 24 25  17 18 19 20 21 22 23
26 27 28 29 30        24 25 26 27 28 29 30
                      31

      November              December
Su Mo Tu We Th Fr Sa  Su Mo Tu We Th Fr Sa
    1  2  3  4  5  6            1  2  3  4
 7  8  9 10 11 12 13   5  6  7  8  9 10 11
14 15 16 17 18 19 20  12 13 14 15 16 17 18
21 22 23 24 25 26 27  19 20 21 22 23 24 25
28 29 30              26 27 28 29 30 31

